0 0 0
23 100 23
33 138 33
0 0 0
0 0 0
0 0 0
0 0 0
0 0 0
0 0 0
0 0 0
0 0 0
0 0 0
33 138 33
23 100 23
0 0 0
0 0 0
23 98 23
33 138 33
0 0 0
0 0 0
0 255 255
53 237 71
11 255 237
0 255 255
0 255 255
0 0 0
0 0 0
33 138 33
23 98 23
0 0 0
0 0 0
25 104 25
32 136 31
0 0 0
8 0 0
0 233 237
45 214 72
9 245 216
0 255 255
2 229 219
8 0 0
0 0 0
32 136 31
25 104 25
0 0 0
56 232 56
56 230 56
23 123 17
54 0 96
184 4 255
71 178 34
0 255 236
0 255 255
5 251 219
71 178 34
184 4 255
54 0 96
23 123 17
56 230 56
56 232 56
42 172 42
48 198 48
23 126 18
49 0 88
171 0 255
64 182 48
4 252 223
0 255 255
4 252 223
64 182 48
171 0 255
49 0 88
23 126 18
48 198 48
42 172 42
0 0 0
21 88 21
27 135 23
41 5 71
144 48 245
62 185 45
4 251 224
0 255 255
4 251 224
62 185 45
144 48 245
41 5 71
27 135 23
21 88 21
0 0 0
0 0 0
23 100 23
30 125 30
9 56 1
47 235 26
55 200 17
6 248 226
0 255 255
6 248 226
55 200 17
47 235 26
9 56 1
30 125 30
23 100 23
0 0 0
0 0 0
22 96 22
38 156 34
19 108 47
35 232 121
37 217 100
4 250 235
0 255 255
4 250 235
37 217 100
35 232 121
19 108 47
38 156 34
22 96 22
0 0 0
0 0 0
21 89 21
57 223 45
33 234 130
0 255 255
0 255 255
0 255 255
0 255 255
0 255 255
0 255 255
0 255 255
33 234 130
57 223 45
21 89 21
0 0 0
0 0 0
22 94 22
58 229 46
34 230 123
0 255 255
0 255 255
0 255 255
0 255 255
0 255 255
0 255 255
0 255 255
34 230 123
58 229 46
22 94 22
0 0 0
0 0 0
11 47 11
29 108 17
17 159 106
0 255 255
23 231 156
3 251 240
0 255 255
0 255 255
0 255 255
0 255 255
17 159 106
29 108 17
11 47 11
0 0 0
0 0 0
0 0 0
0 0 0
0 72 85
0 255 255
52 202 36
8 246 221
0 255 255
0 255 255
0 255 255
0 255 255
0 72 85
0 0 0
0 0 0
0 0 0
0 0 0
12 52 12
32 120 20
18 166 108
0 255 255
50 205 47
7 247 223
0 255 255
0 255 255
0 255 255
0 255 255
18 166 108
32 120 20
12 52 12
0 0 0
0 0 0
22 94 22
58 227 46
34 229 123
0 255 255
50 205 47
7 247 223
0 255 255
0 255 255
0 255 255
0 255 255
34 229 123
58 227 46
22 94 22
0 0 0
0 0 0
21 89 21
57 224 45
33 235 131
0 255 255
52 202 36
4 250 234
0 255 255
0 255 255
0 255 255
0 255 255
33 235 131
57 224 45
21 89 21
0 0 0
0 0 0
23 96 23
37 151 33
18 100 41
40 227 101
13 241 200
36 218 105
7 247 225
0 255 255
3 251 240
42 226 95
18 100 41
37 151 33
23 96 23
0 0 0
0 0 0
21 88 21
30 125 30
15 58 11
65 233 29
0 255 255
51 203 45
11 243 207
0 255 255
2 255 253
65 233 29
15 58 11
30 125 30
21 88 21
0 0 0
42 172 42
48 198 48
30 125 30
0 0 0
5 15 0
41 192 62
13 245 201
0 255 255
5 253 234
42 191 58
5 15 0
0 0 0
30 125 30
48 198 48
42 172 42
56 232 56
56 230 56
30 124 30
0 0 0
0 0 0
55 198 24
7 255 255
0 255 255
8 255 251
55 198 24
0 0 0
0 0 0
30 124 30
56 230 56
56 232 56
0 0 0
25 104 25
33 136 33
0 0 0
0 0 0
2 8 0
0 10 10
0 10 11
0 10 10
2 8 0
0 0 0
0 0 0
33 136 33
25 104 25
0 0 0
0 0 0
23 98 23
33 138 33
0 0 0
0 0 0
0 0 0
0 0 0
0 0 0
0 0 0
0 0 0
0 0 0
0 0 0
33 138 33
23 98 23
0 0 0
0 0 0
23 100 23
33 138 33
0 0 0
0 0 0
0 0 0
0 0 0
0 0 0
0 0 0
0 0 0
0 0 0
0 0 0
33 138 33
23 100 23
0 0 0
